date,name,total
2/28/13,1,1
3/3/13,2,3
3/4/13,3,6
4/13/13,4,10
4/14/13,12,22
4/15/13,15,37
4/16/13,16,53
4/17/13,17,70
4/18/13,21,91
4/19/13,22,113
4/20/13,23,136
4/21/13,24,160
4/22/13,27,187
4/23/13,28,215
4/24/13,29,244
4/28/13,34,278
4/29/13,35,313
4/30/13,36,349
5/1/13,37,386
5/2/13,38,424
5/3/13,40,464
5/4/13,41,505
5/6/13,42,547
5/8/13,43,590
5/9/13,44,634
5/13/13,46,680
5/16/13,47,727
5/23/13,48,775
5/25/13,49,824
5/28/13,51,875
5/29/13,54,929
6/3/13,55,984
6/4/13,56,1040
6/9/13,60,1100
6/10/13,61,1161
6/11/13,62,1223
6/12/13,63,1286
6/16/13,64,1350
6/24/13,65,1415
6/26/13,66,1481
6/29/13,67,1548
7/3/13,68,1616
7/6/13,74,1690
7/8/13,77,1767
7/9/13,82,1849
7/10/13,88,1937
7/11/13,92,2029
7/12/13,94,2123
7/16/13,96,2219
7/17/13,99,2318
7/19/13,103,2421
7/20/13,104,2525
7/21/13,105,2630
7/22/13,106,2736
7/24/13,107,2843
7/25/13,108,2951
7/26/13,111,3062
7/27/13,113,3175
7/29/13,114,3289
7/30/13,117,3406
8/1/13,119,3525
8/2/13,120,3645
8/3/13,125,3770
8/4/13,128,3898
8/6/13,129,4027
8/7/13,133,4160
8/8/13,141,4301
8/9/13,143,4444
8/12/13,146,4590
8/13/13,147,4737
8/14/13,148,4885
8/16/13,149,5034
8/19/13,150,5184
8/21/13,152,5336
8/22/13,155,5491
8/23/13,156,5647
8/25/13,164,5811
8/29/13,165,5976
8/30/13,166,6142
8/31/13,180,6322
9/1/13,183,6505
9/2/13,211,6716
9/3/13,212,6928
9/4/13,213,7141
9/5/13,217,7358
9/6/13,218,7576
9/8/13,219,7795
9/9/13,221,8016
9/11/13,223,8239
9/12/13,225,8464
9/13/13,227,8691
9/14/13,232,8923
9/15/13,235,9158
9/16/13,238,9396
9/18/13,242,9638
9/19/13,249,9887
9/20/13,253,10140
9/21/13,258,10398
9/22/13,263,10661
9/24/13,269,10930
9/26/13,278,11208
9/27/13,286,11494
9/30/13,291,11785
10/1/13,296,12081
10/3/13,299,12380
10/4/13,301,12681
10/5/13,304,12985
10/6/13,307,13292
10/7/13,310,13602
10/8/13,314,13916
10/9/13,317,14233
10/10/13,322,14555
10/11/13,327,14882
10/13/13,328,15210
10/14/13,333,15543
10/15/13,339,15882
10/18/13,343,16225
10/19/13,345,16570
10/20/13,348,16918
10/21/13,350,17268
10/22/13,357,17625
10/23/13,359,17984
10/24/13,364,18348
10/25/13,368,18716
10/26/13,372,19088
10/27/13,377,19465
10/28/13,381,19846
10/29/13,383,20229
10/30/13,407,20636
10/31/13,410,21046
11/1/13,413,21459
11/2/13,414,21873
11/3/13,421,22294
11/4/13,430,22724
11/5/13,434,23158
11/6/13,439,23597
11/7/13,440,24037
11/8/13,446,24483
11/9/13,463,24946
11/10/13,474,25420
11/11/13,483,25903
11/12/13,492,26395
11/13/13,502,26897
11/14/13,506,27403
11/15/13,511,27914
11/16/13,528,28442
11/17/13,539,28981
11/18/13,551,29532
11/19/13,575,30107
11/20/13,591,30698
11/21/13,615,31313
11/22/13,636,31949
11/23/13,661,32610
11/24/13,668,33278
11/25/13,723,34001
11/26/13,787,34788
11/27/13,827,35615
11/28/13,878,36493
11/29/13,928,37421
11/30/13,959,38380
12/1/13,969,39349
12/2/13,1002,40351
12/3/13,1059,41410
12/4/13,1112,42522
12/5/13,1168,43690
12/6/13,1194,44884
12/7/13,1219,46103
12/8/13,1241,47344
12/9/13,1279,48623
12/10/13,1323,49946
12/11/13,1360,51306
12/12/13,1390,52696
12/13/13,1414,54110
12/14/13,1432,55542
12/15/13,1445,56987
12/16/13,1453,58440
12/17/13,1465,59905
12/18/13,1492,61397
12/19/13,1505,62902
12/20/13,1511,64413
12/21/13,1529,65942
12/22/13,1538,67480
12/23/13,1548,69028
12/24/13,1553,70581
12/25/13,1561,72142
12/26/13,1569,73711
12/27/13,1596,75307
12/28/13,1618,76925
12/29/13,1627,78552
12/30/13,1656,80208
12/31/13,1686,81894
1/1/14,1703,83597
1/2/14,1718,85315
1/3/14,1732,87047
1/4/14,1756,88803
1/5/14,1768,90571
1/6/14,1791,92362
1/7/14,1815,94177
1/8/14,1858,96035
1/9/14,1874,97909
1/10/14,1902,99811
1/11/14,1920,101731
1/12/14,1935,103666
1/13/14,1956,105622
1/14/14,1986,107608
1/15/14,2004,109612
1/16/14,2024,111636
1/17/14,2047,113683
1/18/14,2062,115745
1/19/14,2071,117816
1/20/14,2090,119906
1/21/14,2110,122016
1/22/14,2127,124143
1/23/14,2148,126291
1/24/14,2170,128461
1/25/14,2177,130638
1/26/14,2190,132828
1/27/14,2208,135036
1/28/14,2226,137262
1/29/14,2240,139502
1/30/14,2260,141762
1/31/14,2277,144039
2/1/14,2288,146327
2/2/14,2300,148627
2/3/14,2312,150939
2/4/14,2327,153266
2/5/14,2344,155610
2/6/14,2358,157968
2/7/14,2364,160332
2/8/14,2381,162713
2/9/14,2389,165102
2/10/14,2409,167511
2/11/14,2423,169934
2/12/14,2435,172369
2/13/14,2453,174822
2/14/14,2468,177290
2/15/14,2474,179764
2/16/14,2479,182243
2/17/14,2487,184730
2/18/14,2499,187229
2/19/14,2517,189746
2/20/14,2533,192279
2/21/14,2549,194828
2/22/14,2560,197388
2/23/14,2566,199954
2/24/14,2576,202530
2/25/14,2594,205124
2/26/14,2603,207727
2/27/14,2613,210340
2/28/14,2620,212960
3/1/14,2624,215584
3/2/14,2630,218214
3/3/14,2643,220857
3/4/14,2656,223513
3/5/14,2669,226182
3/6/14,2674,228856
3/7/14,2683,231539
3/8/14,2695,234234
3/9/14,2698,236932
3/10/14,2707,239639
3/11/14,2725,242364
3/12/14,2742,245106
3/13/14,2761,247867
3/14/14,2772,250639
3/15/14,2790,253429
3/16/14,2800,256229
3/17/14,2822,259051
3/18/14,2862,261913
3/19/14,2889,264802
3/20/14,2921,267723
3/21/14,2948,270671
3/22/14,2960,273631
3/23/14,2965,276596
3/24/14,2984,279580
3/25/14,2991,282571
3/26/14,3011,285582
3/27/14,3036,288618
3/28/14,3061,291679
3/29/14,3079,294758
3/30/14,3081,297839
3/31/14,3092,300931
4/1/14,3112,304043
4/2/14,3143,307186
4/3/14,3152,310338
4/4/14,3168,313506
4/5/14,3175,316681
4/6/14,3179,319860
4/7/14,3194,323054
4/8/14,3199,326253
4/9/14,3227,329480
4/10/14,3233,332713
4/11/14,3249,335962
4/12/14,3290,339252
4/13/14,3301,342553
4/14/14,3309,345862
4/15/14,3319,349181
4/16/14,3327,352508
4/17/14,3334,355842
4/18/14,3339,359181
4/19/14,3341,362522
4/20/14,3342,365864
4/21/14,3352,369216
4/22/14,3361,372577
4/23/14,3377,375954
4/24/14,3380,379334
4/25/14,3387,382721
4/26/14,3390,386111
4/27/14,3400,389511
4/28/14,3403,392914
4/29/14,3410,396324
4/30/14,3425,399749
5/1/14,3432,403181
5/2/14,3461,406642
5/3/14,3468,410110
5/4/14,3473,413583
5/5/14,3478,417061
5/6/14,3485,420546
5/7/14,3496,424042
5/8/14,3500,427542
5/9/14,3507,431049
5/10/14,3511,434560
5/12/14,3520,438080
5/13/14,3527,441607
5/14/14,3535,445142
5/15/14,3571,448713
5/16/14,3578,452291
5/17/14,3582,455873
5/18/14,3595,459468
5/19/14,3604,463072
5/20/14,3610,466682
5/21/14,3619,470301
5/22/14,3625,473926
5/23/14,3635,477561
5/24/14,3645,481206
5/25/14,3653,484859
5/26/14,3661,488520
5/27/14,3678,492198
5/28/14,3690,495888
5/29/14,3696,499584
5/30/14,3716,503300
5/31/14,3719,507019
6/1/14,3723,510742
6/2/14,3728,514470
6/3/14,3732,518202
6/4/14,3739,521941
6/5/14,3756,525697
6/6/14,3762,529459
6/7/14,3771,533230
6/8/14,3781,537011
6/9/14,3786,540797
6/10/14,3819,544616
6/11/14,3853,548469
6/12/14,3860,552329
6/13/14,3868,556197
6/14/14,3874,560071
6/15/14,3877,563948
6/16/14,3881,567829
6/17/14,3886,571715
6/18/14,3894,575609
6/19/14,3896,579505
6/20/14,3903,583408
6/21/14,3911,587319
6/22/14,3915,591234
6/23/14,3922,595156
6/24/14,3927,599083
6/25/14,3934,603017
6/26/14,3943,606960
6/27/14,3949,610909
6/28/14,3953,614862
6/29/14,3958,618820
6/30/14,3968,622788
7/1/14,3978,626766
7/2/14,3981,630747
7/3/14,3989,634736
7/4/14,3990,638726
7/5/14,3996,642722
7/6/14,4003,646725
7/7/14,4019,650744
7/8/14,4024,654768
7/9/14,4028,658796
7/10/14,4030,662826
7/11/14,4031,666857
7/12/14,4042,670899
7/13/14,4049,674948
7/14/14,4060,679008
7/15/14,4070,683078
7/16/14,4078,687156
7/17/14,4115,691271
7/18/14,4123,695394
7/19/14,4133,699527
7/20/14,4137,703664
7/21/14,4145,707809
7/22/14,4149,711958
7/23/14,4160,716118
7/24/14,4166,720284
7/25/14,4171,724455
7/26/14,4185,728640
7/27/14,4188,732828
7/28/14,4190,737018
7/29/14,4197,741215
7/30/14,4202,745417
7/31/14,4208,749625
8/1/14,4215,753840
8/2/14,4228,758068
8/3/14,4232,762300
8/4/14,4234,766534
8/5/14,4254,770788
8/6/14,4261,775049
8/7/14,4264,779313
8/8/14,4271,783584
8/9/14,4284,787868
8/10/14,4289,792157
8/11/14,4298,796455
8/12/14,4306,800761
8/14/14,4311,805072
8/15/14,4314,809386
8/16/14,4321,813707
8/17/14,4323,818030
8/18/14,4331,822361
8/19/14,4343,826704
8/20/14,4349,831053
8/21/14,4361,835414
8/22/14,4368,839782
8/23/14,4377,844159
8/24/14,4379,848538
8/25/14,4392,852930
8/26/14,4397,857327
8/27/14,4413,861740
8/28/14,4431,866171
8/29/14,4444,870615
8/30/14,4451,875066
8/31/14,4455,879521
9/1/14,4461,883982
9/2/14,4462,888444
9/3/14,4464,892908
9/4/14,4471,897379
9/5/14,4478,901857
9/6/14,4480,906337
9/7/14,4485,910822
9/8/14,4489,915311
9/9/14,4492,919803
9/10/14,4504,924307
9/11/14,4512,928819
9/12/14,4518,933337
9/13/14,4519,937856
9/14/14,4522,942378
9/15/14,4525,946903
9/16/14,4530,951433
9/17/14,4539,955972
9/18/14,4542,960514
9/19/14,4545,965059
9/20/14,4552,969611
9/21/14,4554,974165
9/22/14,4560,978725
9/23/14,4565,983290
9/24/14,4573,987863
9/25/14,4582,992445
9/26/14,4587,997032
9/27/14,4593,1001625
9/28/14,4598,1006223
9/29/14,4603,1010826
9/30/14,4605,1015431
10/1/14,4609,1020040
10/2/14,4616,1024656
10/3/14,4619,1029275
10/4/14,4625,1033900
10/5/14,4630,1038530
10/6/14,4634,1043164
10/7/14,4635,1047799
10/8/14,4640,1052439
10/9/14,4646,1057085
10/10/14,4651,1061736
10/11/14,4663,1066399
10/12/14,4666,1071065
10/13/14,4668,1075733
10/14/14,4671,1080404
10/15/14,4678,1085082
10/16/14,4683,1089765
10/17/14,4697,1094462
10/18/14,4701,1099163
10/20/14,4706,1103869
10/21/14,4712,1108581
10/22/14,4717,1113298
10/23/14,4727,1118025
10/24/14,4731,1122756
10/25/14,4741,1127497
10/26/14,4757,1132254
10/27/14,4779,1137033
10/28/14,4788,1141821
10/29/14,4792,1146613
10/30/14,4795,1151408
11/1/14,4796,1156204
11/2/14,4798,1161002
11/3/14,4801,1165803
11/4/14,4806,1170609
11/5/14,4807,1175416
11/6/14,4837,1180253
11/7/14,4844,1185097
11/8/14,4847,1189944
11/9/14,4850,1194794
11/11/14,4855,1199649
11/12/14,4866,1204515
11/13/14,4879,1209394
11/14/14,4885,1214279
11/15/14,4890,1219169
11/16/14,4892,1224061
11/17/14,4900,1228961
11/18/14,4904,1233865
11/19/14,4911,1238776
11/20/14,4919,1243695
11/21/14,4922,1248617
11/22/14,4926,1253543
11/23/14,4929,1258472
11/24/14,4936,1263408
11/25/14,4940,1268348
11/26/14,4949,1273297
11/27/14,4953,1278250
11/28/14,4964,1283214
11/29/14,4968,1288182
11/30/14,4970,1293152
12/1/14,4977,1298129
12/2/14,4981,1303110
12/3/14,4987,1308097
12/4/14,4994,1313091
12/5/14,4999,1318090
12/6/14,5005,1323095
12/7/14,5008,1328103
12/8/14,5016,1333119
12/9/14,5020,1338139
12/10/14,5032,1343171
12/11/14,5039,1348210
12/12/14,5047,1353257
12/13/14,5051,1358308
12/14/14,5056,1363364
12/15/14,5066,1368430
12/16/14,5091,1373521
12/17/14,5094,1378615
12/18/14,5098,1383713
12/19/14,5113,1388826
12/20/14,5117,1393943
12/21/14,5122,1399065
12/22/14,5126,1404191
12/23/14,5138,1409329
12/24/14,5143,1414472
12/25/14,5146,1419618
12/26/14,5148,1424766
12/27/14,5151,1429917
12/28/14,5154,1435071
12/29/14,5157,1440228
1/1/15,5158,1445386
1/2/15,5161,1450547
1/3/15,5163,1455710
1/4/15,5165,1460875
1/5/15,5166,1466041
1/6/15,5168,1471209
1/7/15,5187,1476396
1/8/15,5223,1481619
1/9/15,5243,1486862
1/10/15,5249,1492111
1/11/15,5251,1497362
1/12/15,5270,1502632
1/13/15,5272,1507904
1/14/15,5276,1513180
1/15/15,5279,1518459
1/16/15,5282,1523741
1/17/15,5285,1529026
1/18/15,5287,1534313
1/19/15,5292,1539605
1/20/15,5296,1544901
1/21/15,5298,1550199
1/22/15,5305,1555504
1/23/15,5311,1560815
1/24/15,5320,1566135
1/25/15,5321,1571456
1/26/15,5322,1576778
1/27/15,5341,1582119
1/28/15,5347,1587466
1/29/15,5351,1592817
1/30/15,5354,1598171
1/31/15,5361,1603532
2/1/15,5363,1608895
2/2/15,5370,1614265
2/3/15,5382,1619647
2/4/15,5383,1625030
2/5/15,5385,1630415
2/6/15,5388,1635803
2/7/15,5391,1641194
2/8/15,5393,1646587
2/9/15,5394,1651981
2/10/15,5397,1657378
2/11/15,5406,1662784
2/12/15,5412,1668196
2/13/15,5417,1673613
2/14/15,5420,1679033
2/16/15,5426,1684459
2/17/15,5432,1689891
2/18/15,5438,1695329
2/19/15,5446,1700775
2/20/15,5450,1706225
2/21/15,5454,1711679
2/22/15,5457,1717136
2/23/15,5461,1722597
2/24/15,5465,1728062
2/25/15,5470,1733532
2/26/15,5475,1739007
2/27/15,5476,1744483
2/28/15,5478,1749961
3/1/15,5483,1755444
3/2/15,5484,1760928
3/3/15,5486,1766414
3/4/15,5487,1771901
3/5/15,5489,1777390
3/6/15,5492,1782882
3/7/15,5506,1788388
3/8/15,5518,1793906
3/9/15,5522,1799428
3/10/15,5525,1804953
3/11/15,5527,1810480
3/12/15,5529,1816009
3/13/15,5531,1821540
3/14/15,5535,1827075
3/15/15,5540,1832615
3/16/15,5550,1838165
3/17/15,5567,1843732
3/18/15,5579,1849311
3/19/15,5590,1854901
3/20/15,5593,1860494
3/21/15,5603,1866097
3/22/15,5609,1871706
3/23/15,5610,1877316
3/24/15,5614,1882930
3/25/15,5616,1888546
3/26/15,5618,1894164
3/27/15,5622,1899786
3/28/15,5626,1905412
3/30/15,5632,1911044
3/31/15,5642,1916686
4/1/15,5644,1922330
4/2/15,5651,1927981
4/3/15,5653,1933634
4/4/15,5655,1939289
4/5/15,5661,1944950
4/6/15,5663,1950613
4/7/15,5666,1956279
4/8/15,5669,1961948
4/9/15,5673,1967621
4/10/15,5677,1973298
4/11/15,5681,1978979
4/12/15,5682,1984661
4/13/15,5692,1990353
4/14/15,5695,1996048
4/15/15,5697,2001745
4/16/15,5700,2007445
4/17/15,5702,2013147
4/18/15,5703,2018850
4/19/15,5704,2024554
4/20/15,5706,2030260
4/21/15,5710,2035970
4/22/15,5715,2041685
4/23/15,5720,2047405
4/24/15,5723,2053128
4/25/15,5730,2058858
4/26/15,5734,2064592
4/27/15,5739,2070331
4/28/15,5742,2076073
4/29/15,5750,2081823
4/30/15,5755,2087578
5/1/15,5758,2093336
5/3/15,5762,2099098
5/4/15,5765,2104863
5/5/15,5766,2110629
5/6/15,5774,2116403
5/7/15,5778,2122181
5/8/15,5786,2127967
5/10/15,5787,2133754
5/11/15,5789,2139543
5/12/15,5795,2145338
5/13/15,5798,2151136
5/14/15,5803,2156939
5/15/15,5806,2162745
5/16/15,5811,2168556
5/18/15,5814,2174370
5/20/15,5817,2180187
5/21/15,5826,2186013
5/22/15,5829,2191842
5/23/15,5832,2197674
5/24/15,5839,2203513
5/25/15,5840,2209353
5/26/15,5842,2215195
5/27/15,5844,2221039
5/28/15,5851,2226890
5/29/15,5854,2232744
5/30/15,5859,2238603
6/1/15,5861,2244464
6/2/15,5867,2250331
6/3/15,5873,2256204
6/4/15,5874,2262078
6/5/15,5876,2267954
6/7/15,5877,2273831
6/8/15,5913,2279744
6/9/15,5915,2285659
6/10/15,5925,2291584
6/11/15,5932,2297516
6/12/15,5936,2303452
6/13/15,5939,2309391
6/14/15,5944,2315335
6/15/15,5986,2321321
6/16/15,6001,2327322
6/17/15,6006,2333328
6/18/15,6009,2339337
6/19/15,6012,2345349
6/20/15,6014,2351363
6/21/15,6016,2357379
6/22/15,6018,2363397
6/23/15,6022,2369419
6/24/15,6035,2375454
6/25/15,6036,2381490
6/26/15,6046,2387536
6/27/15,6047,2393583
6/28/15,6051,2399634
6/29/15,6053,2405687
6/30/15,6060,2411747
7/1/15,6064,2417811
7/2/15,6069,2423880
7/3/15,6079,2429959
7/4/15,6080,2436039
7/5/15,6092,2442131
7/6/15,6097,2448228
7/7/15,6099,2454327
7/8/15,6105,2460432
7/9/15,6108,2466540
7/10/15,6114,2472654
7/11/15,6115,2478769
7/12/15,6122,2484891
7/13/15,6127,2491018
7/14/15,6130,2497148
7/15/15,6134,2503282
7/16/15,6137,2509419
7/17/15,6150,2515569
7/18/15,6155,2521724
7/19/15,6158,2527882
7/20/15,6176,2534058
7/21/15,6181,2540239
7/22/15,6184,2546423
7/23/15,6186,2552609
7/24/15,6188,2558797
7/25/15,6195,2564992
7/26/15,6199,2571191
7/27/15,6207,2577398
7/28/15,6208,2583606
7/29/15,6216,2589822
7/30/15,6219,2596041
7/31/15,6220,2602261
8/1/15,6225,2608486
8/2/15,6230,2614716
8/3/15,6235,2620951
8/4/15,6241,2627192
8/5/15,6251,2633443
8/6/15,6257,2639700
8/7/15,6268,2645968
8/8/15,6270,2652238
8/9/15,6273,2658511
8/11/15,6276,2664787
8/12/15,6280,2671067
8/13/15,6285,2677352
8/14/15,6287,2683639
8/15/15,6292,2689931
8/16/15,6295,2696226
8/18/15,6301,2702527
8/19/15,6311,2708838
8/20/15,6312,2715150
8/21/15,6314,2721464
8/22/15,6316,2727780
8/23/15,6323,2734103
8/24/15,6333,2740436
8/25/15,6337,2746773
8/26/15,6343,2753116
8/27/15,6349,2759465
8/28/15,6354,2765819
8/29/15,6355,2772174
8/30/15,6361,2778535
8/31/15,6369,2784904
9/1/15,6380,2791284
9/2/15,6391,2797675
9/3/15,6395,2804070
9/4/15,6396,2810466
9/5/15,6399,2816865
9/6/15,6401,2823266
9/7/15,6404,2829670
9/8/15,6411,2836081
9/9/15,6422,2842503
9/10/15,6431,2848934
9/11/15,6434,2855368
9/12/15,6436,2861804
9/13/15,6437,2868241
9/14/15,6442,2874683
9/15/15,6450,2881133
9/16/15,6465,2887598
9/17/15,6468,2894066
9/18/15,6474,2900540
9/19/15,6475,2907015
9/20/15,6476,2913491
9/21/15,6477,2919968
9/22/15,6482,2926450
9/23/15,6484,2932934
9/24/15,6492,2939426
9/25/15,6493,2945919
9/26/15,6494,2952413
9/27/15,6497,2958910
9/28/15,6498,2965408
9/29/15,6502,2971910
9/30/15,6507,2978417
10/1/15,6509,2984926
10/2/15,6512,2991438
10/3/15,6516,2997954
10/5/15,6517,3004471
10/6/15,6518,3010989
10/7/15,6520,3017509
10/8/15,6529,3024038
10/9/15,6541,3030579
10/10/15,6542,3037121
10/13/15,6547,3043668
10/14/15,6548,3050216
10/15/15,6555,3056771
10/16/15,6561,3063332
10/17/15,6564,3069896
10/19/15,6567,3076463
10/20/15,6569,3083032
10/22/15,6571,3089603
10/23/15,6572,3096175
10/24/15,6574,3102749
10/27/15,6580,3109329
10/28/15,6589,3115918
10/29/15,6590,3122508
10/30/15,6594,3129102
10/31/15,6595,3135697
11/2/15,6597,3142294
11/3/15,6602,3148896
11/4/15,6605,3155501
11/5/15,6615,3162116
11/6/15,6619,3168735
11/7/15,6627,3175362
11/8/15,6632,3181994
11/9/15,6634,3188628
11/10/15,6638,3195266
11/11/15,6643,3201909
11/12/15,6648,3208557
11/13/15,6652,3215209
11/14/15,6655,3221864
11/16/15,6662,3228526
11/17/15,6674,3235200
11/19/15,6682,3241882
11/21/15,6691,3248573
11/22/15,6693,3255266
11/23/15,6695,3261961
11/24/15,6699,3268660
11/25/15,6701,3275361
11/26/15,6703,3282064
11/27/15,6704,3288768
11/28/15,6706,3295474
11/29/15,6708,3302182
11/30/15,6709,3308891
12/1/15,6711,3315602
12/2/15,6712,3322314
12/3/15,6713,3329027
12/4/15,6715,3335742
12/5/15,6717,3342459
12/6/15,6718,3349177
12/7/15,6721,3355898
12/8/15,6724,3362622
12/9/15,6728,3369350
12/10/15,6729,3376079
12/11/15,6732,3382811
12/12/15,6734,3389545
12/13/15,6741,3396286
12/14/15,6744,3403030
12/15/15,6745,3409775
12/16/15,6748,3416523
12/17/15,6749,3423272
12/18/15,6752,3430024
12/19/15,6753,3436777
12/23/15,6754,3443531
12/24/15,6756,3450287
12/26/15,6757,3457044
12/28/15,6758,3463802
12/31/15,6759,3470561
1/1/16,6760,3477321
1/2/16,6763,3484084
1/3/16,6764,3490848
1/4/16,6766,3497614
1/5/16,6767,3504381
1/6/16,6769,3511150
1/7/16,6771,3517921
1/8/16,6772,3524693
1/9/16,6773,3531466
1/10/16,6774,3538240
1/11/16,6779,3545019
1/13/16,6781,3551800
1/14/16,6782,3558582
1/15/16,6783,3565365
1/16/16,6784,3572149
1/17/16,6786,3578935
1/19/16,6787,3585722
1/20/16,6792,3592514
1/21/16,6799,3599313
1/22/16,6801,3606114
1/24/16,6803,3612917
1/26/16,6807,3619724
1/27/16,6812,3626536
1/28/16,6814,3633350
1/31/16,6815,3640165
2/1/16,6821,3646986
2/2/16,6826,3653812
2/3/16,6829,3660641
2/4/16,6833,3667474
2/5/16,6834,3674308
2/8/16,6836,3681144
2/9/16,6838,3687982
2/11/16,6840,3694822
2/12/16,6842,3701664
2/13/16,6843,3708507
2/14/16,6845,3715352
2/15/16,6846,3722198
2/16/16,6849,3729047
2/17/16,6851,3735898
2/18/16,6854,3742752
2/19/16,6857,3749609
2/20/16,6858,3756467
2/21/16,6859,3763326
2/23/16,6860,3770186
2/24/16,6862,3777048
2/25/16,6866,3783914
2/28/16,6868,3790782
2/29/16,6871,3797653
3/1/16,6879,3804532
3/2/16,6883,3811415
3/3/16,6888,3818303
3/4/16,6890,3825193
3/5/16,6891,3832084
3/8/16,6892,3838976
3/9/16,6895,3845871
3/10/16,6897,3852768
3/11/16,6899,3859667
3/12/16,6900,3866567
3/15/16,6903,3873470
3/16/16,6905,3880375
3/17/16,6907,3887282
3/18/16,6908,3894190
3/19/16,6909,3901099
3/20/16,6912,3908011
3/22/16,6913,3914924
3/23/16,6917,3921841
3/24/16,6920,3928761
3/25/16,6921,3935682
3/26/16,6922,3942604
3/29/16,6923,3949527
3/30/16,6926,3956453
3/31/16,6928,3963381
4/1/16,6930,3970311
4/2/16,6932,3977243
4/3/16,6934,3984177
4/4/16,6936,3991113
4/5/16,6937,3998050
4/6/16,6938,4004988
4/7/16,6939,4011927
4/8/16,6940,4018867
4/10/16,6942,4025809
4/11/16,6945,4032754
4/13/16,6949,4039703
4/14/16,6954,4046657
4/15/16,6955,4053612
4/18/16,6961,4060573
4/19/16,6967,4067540
4/20/16,6970,4074510
4/21/16,6972,4081482
4/22/16,6975,4088457
4/23/16,6978,4095435
4/24/16,6981,4102416
4/25/16,6984,4109400
4/26/16,6987,4116387
4/27/16,6990,4123377
4/28/16,6991,4130368
4/29/16,6992,4137360
4/30/16,6994,4144354
5/2/16,6999,4151353
5/3/16,7000,4158353
5/4/16,7006,4165359
5/5/16,7007,4172366
5/6/16,7008,4179374
5/7/16,7010,4186384
5/8/16,7014,4193398
5/9/16,7016,4200414
5/11/16,7019,4207433
5/12/16,7023,4214456
5/13/16,7029,4221485
5/14/16,7033,4228518
5/16/16,7037,4235555
5/17/16,7039,4242594
5/18/16,7045,4249639
5/19/16,7048,4256687
5/20/16,7053,4263740
5/21/16,7054,4270794
5/22/16,7055,4277849
5/23/16,7057,4284906
5/24/16,7066,4291972
5/25/16,7071,4299043
5/26/16,7072,4306115
5/27/16,7076,4313191
5/28/16,7079,4320270
5/29/16,7082,4327352
5/30/16,7087,4334439
5/31/16,7089,4341528
6/1/16,7093,4348621
6/3/16,7094,4355715
6/4/16,7098,4362813
6/5/16,7104,4369917
6/6/16,7106,4377023
6/7/16,7108,4384131
6/8/16,7109,4391240
6/9/16,7112,4398352
6/10/16,7114,4405466
6/11/16,7115,4412581
6/12/16,7117,4419698
6/13/16,7124,4426822
6/14/16,7127,4433949
6/15/16,7131,4441080
6/16/16,7136,4448216
6/18/16,7137,4455353
6/19/16,7140,4462493
6/20/16,7141,4469634
6/21/16,7145,4476779
6/22/16,7148,4483927
6/25/16,7149,4491076
6/26/16,7151,4498227
6/27/16,7156,4505383
6/28/16,7162,4512545
6/29/16,7165,4519710
7/2/16,7168,4526878
7/3/16,7171,4534049
7/4/16,7173,4541222
7/5/16,7175,4548397
7/7/16,7179,4555576
7/8/16,7181,4562757
7/10/16,7184,4569941
7/11/16,7189,4577130
7/12/16,7193,4584323
7/13/16,7197,4591520
7/14/16,7202,4598722
7/15/16,7207,4605929
7/16/16,7211,4613140
7/17/16,7214,4620354
7/18/16,7216,4627570
7/19/16,7218,4634788
7/20/16,7221,4642009
7/21/16,7224,4649233
7/22/16,7229,4656462
7/23/16,7231,4663693
7/24/16,7232,4670925
7/25/16,7236,4678161
7/27/16,7237,4685398
7/28/16,7241,4692639
7/29/16,7242,4699881
7/30/16,7243,4707124
7/31/16,7247,4714371
8/1/16,7252,4721623
8/2/16,7255,4728878
8/3/16,7256,4736134
8/4/16,7260,4743394
8/6/16,7265,4750659
8/7/16,7267,4757926
8/8/16,7271,4765197
8/9/16,7275,4772472
8/10/16,7276,4779748
8/11/16,7280,4787028
8/12/16,7281,4794309
8/13/16,7304,4801613
8/14/16,7305,4808918
8/15/16,7308,4816226
8/16/16,7309,4823535
8/18/16,7311,4830846
8/19/16,7312,4838158
8/20/16,7313,4845471
8/23/16,7314,4852785
8/24/16,7317,4860102
8/25/16,7319,4867421
8/26/16,7323,4874744
8/28/16,7325,4882069
8/29/16,7326,4889395
8/30/16,7327,4896722
9/1/16,7328,4904050
9/2/16,7329,4911379
9/4/16,7330,4918709
9/5/16,7339,4926048
9/6/16,7348,4933396
9/7/16,7352,4940748
9/8/16,7357,4948105
9/9/16,7360,4955465
9/10/16,7364,4962829
9/11/16,7365,4970194
9/12/16,7378,4977572
9/13/16,7379,4984951
9/14/16,7382,4992333
9/15/16,7398,4999731
9/16/16,7401,5007132
9/17/16,7402,5014534
9/18/16,7403,5021937
9/19/16,7406,5029343
9/20/16,7420,5036763
9/21/16,7424,5044187
9/22/16,7425,5051612
9/23/16,7428,5059040
9/24/16,7429,5066469
9/25/16,7432,5073901
9/26/16,7434,5081335
9/27/16,7435,5088770
9/28/16,7436,5096206
9/29/16,7440,5103646
9/30/16,7442,5111088
10/1/16,7443,5118531
10/2/16,7445,5125976
10/3/16,7450,5133426
10/4/16,7461,5140887
10/5/16,7462,5148349
10/6/16,7465,5155814
10/7/16,7468,5163282
10/8/16,7472,5170754
10/9/16,7479,5178233
10/10/16,7482,5185715
10/11/16,7485,5193200
10/13/16,7486,5200686
10/14/16,7487,5208173
10/15/16,7490,5215663
10/17/16,7492,5223155
10/18/16,7493,5230648
10/20/16,7495,5238143
10/21/16,7496,5245639
10/23/16,7497,5253136
10/24/16,7501,5260637
10/25/16,7505,5268142
10/26/16,7509,5275651
10/27/16,7512,5283163
10/28/16,7513,5290676
10/29/16,7515,5298191
10/30/16,7518,5305709
10/31/16,7520,5313229
11/1/16,7522,5320751
11/2/16,7523,5328274
11/3/16,7524,5335798
11/4/16,7529,5343327
11/5/16,7533,5350860
11/6/16,7534,5358394
11/7/16,7535,5365929
11/8/16,7537,5373466
11/9/16,7540,5381006
11/10/16,7547,5388553
11/11/16,7550,5396103
11/12/16,7555,5403658
11/13/16,7558,5411216
11/15/16,7562,5418778
11/16/16,7565,5426343
11/17/16,7573,5433916
11/18/16,7576,5441492
11/19/16,7583,5449075
11/20/16,7586,5456661
11/21/16,7592,5464253
11/22/16,7593,5471846
11/23/16,7597,5479443
11/24/16,7600,5487043
11/25/16,7605,5494648
11/26/16,7608,5502256
11/27/16,7610,5509866
11/28/16,7614,5517480
11/29/16,7622,5525102
11/30/16,7628,5532730
12/1/16,7633,5540363
12/2/16,7637,5548000
12/3/16,7639,5555639
12/4/16,7644,5563283
12/5/16,7648,5570931
12/6/16,7652,5578583
12/7/16,7656,5586239
12/8/16,7657,5593896
12/9/16,7658,5601554
12/10/16,7660,5609214
12/11/16,7662,5616876
12/12/16,7667,5624543
12/14/16,7668,5632211
12/15/16,7670,5639881
12/16/16,7672,5647553
12/17/16,7681,5655234
12/19/16,7691,5662925
12/20/16,7692,5670617
12/21/16,7694,5678311
12/22/16,7697,5686008
12/23/16,7700,5693708
12/24/16,7703,5701411
12/26/16,7709,5709120
12/27/16,7712,5716832
12/28/16,7717,5724549
12/29/16,7724,5732273
12/30/16,7727,5740000
1/2/17,7730,5747730
1/3/17,7740,5755470
1/4/17,7741,5763211
1/5/17,7744,5770955
1/6/17,7752,5778707
1/7/17,7753,5786460
1/8/17,7757,5794217
1/9/17,7759,5801976
1/10/17,7762,5809738
1/11/17,7763,5817501
1/12/17,7767,5825268
1/13/17,7772,5833040
1/14/17,7774,5840814
1/15/17,7775,5848589
1/16/17,7779,5856368
1/17/17,7783,5864151
1/18/17,7785,5871936
1/19/17,7788,5879724
1/20/17,7790,5887514
1/21/17,7796,5895310
1/22/17,7798,5903108
1/23/17,7802,5910910
1/24/17,7803,5918713
1/25/17,7807,5926520
1/26/17,7809,5934329
1/27/17,7816,5942145
1/28/17,7817,5949962
1/29/17,7822,5957784
1/30/17,7824,5965608
1/31/17,7831,5973439
2/1/17,7836,5981275
2/2/17,7841,5989116
2/3/17,7844,5996960
2/4/17,7848,6004808
2/5/17,7853,6012661
2/6/17,7857,6020518
2/7/17,7862,6028380
2/8/17,7869,6036249
2/9/17,7875,6044124
2/10/17,7880,6052004
2/11/17,7882,6059886
2/12/17,7885,6067771
2/13/17,7888,6075659
2/14/17,7895,6083554
2/15/17,7901,6091455
2/16/17,7904,6099359
2/17/17,7907,6107266
2/18/17,7911,6115177
2/19/17,7913,6123090
2/20/17,7919,6131009
2/21/17,7924,6138933
2/22/17,7929,6146862
2/23/17,7935,6154797
2/24/17,7942,6162739
2/25/17,7947,6170686
2/26/17,7950,6178636
2/27/17,7951,6186587
2/28/17,7952,6194539
3/1/17,7954,6202493
3/2/17,7959,6210452
3/3/17,7970,6218422
3/4/17,7971,6226393
3/5/17,7974,6234367
3/6/17,7986,6242353
3/7/17,7987,6250340
3/8/17,7988,6258328
3/9/17,7991,6266319
3/10/17,7997,6274316
3/11/17,8002,6282318
3/12/17,8006,6290324
3/13/17,8010,6298334
3/14/17,8014,6306348
3/15/17,8016,6314364
3/17/17,8017,6322381
3/18/17,8020,6330401
3/19/17,8024,6338425
3/21/17,8028,6346453
3/22/17,8034,6354487
3/23/17,8035,6362522
3/25/17,8039,6370561
3/26/17,8040,6378601
3/28/17,8041,6386642
3/30/17,8042,6394684
4/1/17,8045,6402729
4/2/17,8046,6410775
4/3/17,8048,6418823
4/4/17,8054,6426877
4/5/17,8055,6434932
4/7/17,8057,6442989
4/8/17,8058,6451047
4/9/17,8059,6459106
4/10/17,8065,6467171
4/11/17,8073,6475244
4/12/17,8074,6483318
4/13/17,8076,6491394
4/14/17,8082,6499476
4/15/17,8088,6507564
4/16/17,8090,6515654
4/17/17,8092,6523746
4/18/17,8097,6531843
4/19/17,8098,6539941
4/20/17,8103,6548044
4/21/17,8108,6556152
4/22/17,8110,6564262
4/23/17,8114,6572376
4/24/17,8117,6580493
4/25/17,8120,6588613
4/26/17,8122,6596735
4/27/17,8127,6604862
4/28/17,8130,6612992
4/29/17,8131,6621123
4/30/17,8137,6629260
5/1/17,8140,6637400
5/2/17,8147,6645547
5/3/17,8153,6653700
5/4/17,8157,6661857
5/5/17,8163,6670020
5/6/17,8169,6678189
5/7/17,8173,6686362
5/8/17,8178,6694540
5/9/17,8184,6702724
5/10/17,8189,6710913
5/11/17,8196,6719109
5/12/17,8212,6727321
5/13/17,8219,6735540
5/14/17,8223,6743763
5/15/17,8232,6751995
5/16/17,8236,6760231
5/17/17,8239,6768470
5/18/17,8242,6776712
5/19/17,8252,6784964
5/20/17,8259,6793223
5/21/17,8263,6801486
5/22/17,8266,6809752
5/23/17,8277,6818029
5/24/17,8284,6826313
5/25/17,8292,6834605
5/26/17,8298,6842903
5/27/17,8300,6851203
5/28/17,8303,6859506
5/29/17,8308,6867814
5/30/17,8315,6876129
5/31/17,8319,6884448
6/1/17,8327,6892775
6/2/17,8338,6901113
6/3/17,8343,6909456
6/4/17,8348,6917804
6/5/17,8355,6926159
6/6/17,8367,6934526
6/7/17,8371,6942897
6/8/17,8375,6951272
6/9/17,8386,6959658
6/10/17,8388,6968046
6/11/17,8392,6976438
6/12/17,8401,6984839
6/13/17,8411,6993250
6/14/17,8419,7001669
6/15/17,8422,7010091
6/16/17,8425,7018516
6/17/17,8431,7026947
6/18/17,8432,7035379
6/19/17,8434,7043813
6/20/17,8442,7052255
6/21/17,8446,7060701
6/22/17,8455,7069156
6/23/17,8458,7077614
6/24/17,8463,7086077
6/25/17,8468,7094545
6/26/17,8473,7103018
6/27/17,8479,7111497
6/28/17,8485,7119982
6/29/17,8492,7128474
6/30/17,8503,7136977
7/1/17,8506,7145483
7/2/17,8508,7153991
7/3/17,8510,7162501
7/4/17,8517,7171018
7/5/17,8523,7179541
7/6/17,8527,7188068
7/7/17,8533,7196601
7/8/17,8535,7205136
7/9/17,8538,7213674
7/10/17,8543,7222217
7/11/17,8548,7230765
7/12/17,8553,7239318
7/13/17,8559,7247877
7/14/17,8565,7256442
7/15/17,8571,7265013
7/16/17,8573,7273586
7/18/17,8574,7282160
7/19/17,8576,7290736
7/20/17,8583,7299319
7/21/17,8589,7307908
7/23/17,8597,7316505
7/24/17,8605,7325110
7/25/17,8608,7333718
7/26/17,8613,7342331
7/27/17,8620,7350951
7/28/17,8626,7359577
7/29/17,8634,7368211
7/30/17,8636,7376847
7/31/17,8649,7385496
8/1/17,8657,7394153
8/2/17,8665,7402818
8/3/17,8674,7411492
8/4/17,8682,7420174
8/5/17,8684,7428858
8/6/17,8689,7437547
8/7/17,8698,7446245
8/8/17,8702,7454947
8/9/17,8711,7463658
8/10/17,8714,7472372
8/11/17,8722,7481094
8/12/17,8734,7489828
8/13/17,8735,7498563
8/14/17,8747,7507310
8/15/17,8753,7516063
8/16/17,8767,7524830
8/17/17,8777,7533607
8/18/17,8783,7542390
8/19/17,8787,7551177
8/20/17,8792,7559969
8/21/17,8802,7568771
8/22/17,8809,7577580
8/23/17,8820,7586400
8/24/17,8841,7595241
8/25/17,8850,7604091
8/26/17,8857,7612948
8/27/17,8864,7621812
8/28/17,8878,7630690
8/29/17,8887,7639577
8/30/17,8892,7648469
8/31/17,8908,7657377
9/1/17,8918,7666295
9/2/17,8923,7675218
9/3/17,8934,7684152
9/4/17,8944,7693096
9/5/17,8954,7702050
9/6/17,8957,7711007
9/7/17,8967,7719974
9/8/17,8975,7728949
9/9/17,8979,7737928
9/10/17,8986,7746914
9/11/17,8993,7755907
9/12/17,9002,7764909
9/13/17,9013,7773922
9/14/17,9044,7782966
9/15/17,9055,7792021
9/16/17,9063,7801084
9/17/17,9068,7810152
9/18/17,9077,7819229
9/19/17,9090,7828319
9/20/17,9100,7837419
9/21/17,9122,7846541
9/22/17,9127,7855668
9/23/17,9135,7864803
9/24/17,9146,7873949
9/25/17,9153,7883102
9/26/17,9162,7892264
9/27/17,9175,7901439
9/28/17,9182,7910621
9/29/17,9191,7919812
9/30/17,9199,7929011
10/1/17,9208,7938219
10/2/17,9249,7947468
10/3/17,9258,7956726
10/4/17,9266,7965992
10/5/17,9290,7975282
10/6/17,9299,7984581
10/7/17,9307,7993888
10/8/17,9311,8003199
10/9/17,9314,8012513
10/10/17,9319,8021832
10/11/17,9340,8031172
10/12/17,9346,8040518
10/13/17,9358,8049876
10/14/17,9365,8059241
10/15/17,9375,8068616
10/16/17,9383,8077999
10/17/17,9401,8087400
10/18/17,9409,8096809
10/19/17,9423,8106232
10/20/17,9437,8115669
10/21/17,9450,8125119
10/22/17,9455,8134574
10/23/17,9469,8144043
10/24/17,9482,8153525
10/25/17,9507,8163032
10/26/17,9521,8172553
10/27/17,9535,8182088
10/28/17,9540,8191628
10/29/17,9546,8201174
10/30/17,9559,8210733
10/31/17,9571,8220304
11/1/17,9582,8229886
11/2/17,9596,8239482
11/3/17,9606,8249088
11/4/17,9608,8258696
11/5/17,9618,8268314
11/6/17,9638,8277952
11/7/17,9656,8287608
11/8/17,9678,8297286
11/9/17,9690,8306976
11/10/17,9700,8316676
11/11/17,9710,8326386
11/12/17,9718,8336104
11/13/17,9723,8345827
11/14/17,9742,8355569
11/15/17,9752,8365321
11/16/17,9762,8375083
11/17/17,9774,8384857
11/18/17,9784,8394641
11/19/17,9790,8404431
11/20/17,9806,8414237
11/21/17,9829,8424066
11/22/17,9835,8433901
11/23/17,9851,8443752
11/24/17,9859,8453611
11/25/17,9867,8463478
11/26/17,9881,8473359
11/27/17,9902,8483261
11/28/17,9926,8493187
11/29/17,9957,8503144
11/30/17,10020,8513164
12/1/17,10040,8523204
12/2/17,10054,8533258
12/3/17,10064,8543322
12/4/17,10081,8553403
12/5/17,10091,8563494
12/6/17,10107,8573601
12/7/17,10124,8583725
12/8/17,10212,8593937
12/9/17,10225,8604162
12/10/17,10241,8614403
12/11/17,10264,8624667
12/12/17,10293,8634960
12/13/17,10321,8645281
12/14/17,10356,8655637
12/15/17,10374,8666011
12/16/17,10394,8676405
12/17/17,10401,8686806
12/18/17,10414,8697220
12/19/17,10433,8707653
12/20/17,10448,8718101
12/21/17,10461,8728562
12/22/17,10476,8739038
12/23/17,10484,8749522
12/24/17,10491,8760013
12/25/17,10495,8770508
12/26/17,10506,8781014
12/27/17,10524,8791538
12/28/17,10542,8802080
12/29/17,10558,8812638
12/30/17,10561,8823199
12/31/17,10566,8833765
1/1/18,10568,8844333
1/2/18,10578,8854911
1/3/18,10591,8865502
1/4/18,10604,8876106
1/5/18,10618,8886724
1/6/18,10627,8897351
1/7/18,10640,8907991
1/8/18,10650,8918641
1/9/18,10661,8929302
1/10/18,10673,8939975
1/11/18,10691,8950666
1/12/18,10715,8961381
1/13/18,10727,8972108
1/14/18,10737,8982845
1/15/18,10751,8993596
1/16/18,10765,9004361
1/17/18,10776,9015137
1/18/18,10782,9025919
1/19/18,10801,9036720
1/20/18,10818,9047538
1/21/18,10826,9058364
1/22/18,10840,9069204
1/23/18,10849,9080053
1/24/18,10860,9090913
1/25/18,10872,9101785
1/26/18,10882,9112667
1/27/18,10889,9123556
1/28/18,10897,9134453
1/29/18,10913,9145366
1/30/18,10924,9156290
1/31/18,10934,9167224
2/1/18,10944,9178168
2/2/18,10952,9189120
2/3/18,10958,9200078
2/4/18,10959,9211037
2/5/18,10976,9222013
2/6/18,10985,9232998
2/7/18,10997,9243995
2/8/18,11002,9254997
2/9/18,11014,9266011
2/10/18,11016,9277027
2/11/18,11018,9288045
2/12/18,11022,9299067
2/13/18,11034,9310101
2/14/18,11038,9321139
2/15/18,11046,9332185
2/16/18,11056,9343241
2/17/18,11058,9354299
2/18/18,11066,9365365
2/19/18,11075,9376440
2/20/18,11084,9387524
2/21/18,11094,9398618
2/22/18,11095,9409713