date,count,sum
2/28/13,1,1
3/3/13,1,2
3/4/13,1,3
4/13/13,1,4
4/14/13,8,12
4/15/13,3,15
4/16/13,1,16
4/17/13,1,17
4/18/13,4,21
4/19/13,1,22
4/20/13,1,23
4/21/13,1,24
4/22/13,3,27
4/23/13,1,28
4/24/13,1,29
4/28/13,5,34
4/29/13,1,35
4/30/13,1,36
5/1/13,1,37
5/2/13,1,38
5/3/13,2,40
5/4/13,1,41
5/6/13,1,42
5/8/13,1,43
5/9/13,1,44
5/13/13,2,46
5/16/13,1,47
5/23/13,1,48
5/25/13,1,49
5/28/13,2,51
5/29/13,3,54
6/3/13,1,55
6/4/13,1,56
6/9/13,4,60
6/10/13,1,61
6/11/13,1,62
6/12/13,1,63
6/16/13,1,64
6/24/13,1,65
6/26/13,1,66
6/29/13,1,67
7/3/13,1,68
7/6/13,6,74
7/8/13,3,77
7/9/13,5,82
7/10/13,6,88
7/11/13,4,92
7/12/13,2,94
7/16/13,2,96
7/17/13,3,99
7/19/13,4,103
7/20/13,1,104
7/21/13,1,105
7/22/13,1,106
7/24/13,1,107
7/25/13,1,108
7/26/13,3,111
7/27/13,2,113
7/29/13,1,114
7/30/13,3,117
8/1/13,2,119
8/2/13,1,120
8/3/13,5,125
8/4/13,3,128
8/6/13,1,129
8/7/13,4,133
8/8/13,8,141
8/9/13,2,143
8/12/13,3,146
8/13/13,1,147
8/14/13,1,148
8/16/13,1,149
8/19/13,1,150
8/21/13,2,152
8/22/13,3,155
8/23/13,1,156
8/25/13,8,164
8/29/13,1,165
8/30/13,1,166
8/31/13,14,180
9/1/13,3,183
9/2/13,28,211
9/3/13,1,212
9/4/13,1,213
9/5/13,4,217
9/6/13,1,218
9/8/13,1,219
9/9/13,2,221
9/11/13,2,223
9/12/13,2,225
9/13/13,2,227
9/14/13,5,232
9/15/13,3,235
9/16/13,3,238
9/18/13,4,242
9/19/13,7,249
9/20/13,4,253
9/21/13,5,258
9/22/13,5,263
9/24/13,6,269
9/26/13,9,278
9/27/13,8,286
9/30/13,5,291
10/1/13,5,296
10/3/13,3,299
10/4/13,2,301
10/5/13,3,304
10/6/13,3,307
10/7/13,3,310
10/8/13,4,314
10/9/13,3,317
10/10/13,5,322
10/11/13,6,328
10/13/13,1,329
10/14/13,5,334
10/15/13,6,340
10/18/13,4,344
10/19/13,2,346
10/20/13,3,349
10/21/13,2,351
10/22/13,7,358
10/23/13,2,360
10/24/13,5,365
10/25/13,4,369
10/26/13,4,373
10/27/13,5,378
10/28/13,4,382
10/29/13,2,384
10/30/13,22,406
10/31/13,3,409
11/1/13,3,412
11/2/13,1,413
11/3/13,7,420
11/4/13,8,428
11/5/13,4,432
11/6/13,5,437
11/7/13,1,438
11/8/13,6,444
11/9/13,17,461
11/10/13,11,472
11/11/13,9,481
11/12/13,9,490
11/13/13,10,500
11/14/13,4,504
11/15/13,5,509
11/16/13,17,526
11/17/13,11,537
11/18/13,12,549
11/19/13,24,573
11/20/13,16,589
11/21/13,24,613
11/22/13,22,635
11/23/13,25,660
11/24/13,7,667
11/25/13,55,722
11/26/13,64,786
11/27/13,42,828
11/28/13,51,879
11/29/13,53,932
11/30/13,31,963
12/1/13,10,973
12/2/13,33,1006
12/3/13,57,1063
12/4/13,53,1116
12/5/13,56,1172
12/6/13,26,1198
12/7/13,27,1225
12/8/13,23,1248
12/9/13,39,1287
12/10/13,44,1331
12/11/13,37,1368
12/12/13,30,1398
12/13/13,24,1422
12/14/13,18,1440
12/15/13,13,1453
12/16/13,8,1461
12/17/13,12,1473
12/18/13,27,1500
12/19/13,13,1513
12/20/13,6,1519
12/21/13,17,1536
12/22/13,9,1545
12/23/13,10,1555
12/24/13,5,1560
12/25/13,8,1568
12/26/13,8,1576
12/27/13,27,1603
12/28/13,23,1626
12/29/13,9,1635
12/30/13,29,1664
12/31/13,33,1697
1/1/14,17,1714
1/2/14,15,1729
1/3/14,14,1743
1/4/14,24,1767
1/5/14,15,1782
1/6/14,23,1805
1/7/14,24,1829
1/8/14,44,1873
1/9/14,16,1889
1/10/14,36,1925
1/11/14,21,1946
1/12/14,14,1960
1/13/14,21,1981
1/14/14,29,2010
1/15/14,18,2028
1/16/14,20,2048
1/17/14,23,2071
1/18/14,16,2087
1/19/14,9,2096
1/20/14,19,2115
1/21/14,20,2135
1/22/14,23,2158
1/23/14,21,2179
1/24/14,23,2202
1/25/14,7,2209
1/26/14,13,2222
1/27/14,18,2240
1/28/14,18,2258
1/29/14,14,2272
1/30/14,21,2293
1/31/14,17,2310
2/1/14,14,2324
2/2/14,12,2336
2/3/14,12,2348
2/4/14,15,2363
2/5/14,18,2381
2/6/14,14,2395
2/7/14,6,2401
2/8/14,17,2418
2/9/14,9,2427
2/10/14,20,2447
2/11/14,14,2461
2/12/14,27,2488
2/13/14,18,2506
2/14/14,15,2521
2/15/14,6,2527
2/16/14,5,2532
2/17/14,8,2540
2/18/14,12,2552
2/19/14,18,2570
2/20/14,16,2586
2/21/14,16,2602
2/22/14,11,2613
2/23/14,6,2619
2/24/14,10,2629
2/25/14,18,2647
2/26/14,9,2656
2/27/14,11,2667
2/28/14,7,2674
3/1/14,4,2678
3/2/14,6,2684
3/3/14,14,2698
3/4/14,13,2711
3/5/14,14,2725
3/6/14,7,2732
3/7/14,9,2741
3/8/14,12,2753
3/9/14,3,2756
3/10/14,9,2765
3/11/14,19,2784
3/12/14,18,2802
3/13/14,21,2823
3/14/14,11,2834
3/15/14,19,2853
3/16/14,10,2863
3/17/14,22,2885
3/18/14,43,2928
3/19/14,27,2955
3/20/14,44,2999
3/21/14,29,3028
3/22/14,12,3040
3/23/14,5,3045
3/24/14,22,3067
3/25/14,7,3074
3/26/14,20,3094
3/27/14,26,3120
3/28/14,29,3149
3/29/14,18,3167
3/30/14,2,3169
3/31/14,11,3180
4/1/14,21,3201
4/2/14,32,3233
4/3/14,9,3242
4/4/14,16,3258
4/5/14,7,3265
4/6/14,4,3269
4/7/14,15,3284
4/8/14,5,3289
4/9/14,28,3317
4/10/14,6,3323
4/11/14,16,3339
4/12/14,41,3380
4/13/14,11,3391
4/14/14,8,3399
4/15/14,10,3409
4/16/14,10,3419
4/17/14,7,3426
4/18/14,5,3431
4/19/14,2,3433
4/20/14,1,3434
4/21/14,11,3445
4/22/14,10,3455
4/23/14,16,3471
4/24/14,3,3474
4/25/14,7,3481
4/26/14,3,3484
4/27/14,10,3494
4/28/14,3,3497
4/29/14,8,3505
4/30/14,15,3520
5/1/14,7,3527
5/2/14,30,3557
5/3/14,7,3564
5/4/14,5,3569
5/5/14,5,3574
5/6/14,7,3581
5/7/14,10,3591
5/8/14,6,3597
5/9/14,8,3605
5/10/14,4,3609
5/12/14,9,3618
5/13/14,7,3625
5/14/14,7,3632
5/15/14,38,3670
5/16/14,7,3677
5/17/14,4,3681
5/18/14,13,3694
5/19/14,9,3703
5/20/14,6,3709
5/21/14,9,3718
5/22/14,6,3724
5/23/14,10,3734
5/24/14,10,3744
5/25/14,7,3751
5/26/14,8,3759
5/27/14,18,3777
5/28/14,12,3789
5/29/14,5,3794
5/30/14,20,3814
5/31/14,3,3817
6/1/14,4,3821
6/2/14,5,3826
6/3/14,4,3830
6/4/14,7,3837
6/5/14,16,3853
6/6/14,6,3859
6/7/14,9,3868
6/8/14,10,3878
6/9/14,5,3883
6/10/14,33,3916
6/11/14,36,3952
6/12/14,7,3959
6/13/14,8,3967
6/14/14,6,3973
6/15/14,3,3976
6/16/14,4,3980
6/17/14,5,3985
6/18/14,8,3993
6/19/14,3,3996
6/20/14,7,4003
6/21/14,8,4011
6/22/14,4,4015
6/23/14,7,4022
6/24/14,5,4027
6/25/14,7,4034
6/26/14,14,4048
6/27/14,6,4054
6/28/14,4,4058
6/29/14,5,4063
6/30/14,10,4073
7/1/14,11,4084
7/2/14,3,4087
7/3/14,8,4095
7/4/14,1,4096
7/5/14,7,4103
7/6/14,7,4110
7/7/14,16,4126
7/8/14,5,4131
7/9/14,4,4135
7/10/14,2,4137
7/11/14,1,4138
7/12/14,11,4149
7/13/14,7,4156
7/14/14,11,4167
7/15/14,10,4177
7/16/14,8,4185
7/17/14,37,4222
7/18/14,8,4230
7/19/14,11,4241
7/20/14,4,4245
7/21/14,10,4255
7/22/14,3,4258
7/23/14,28,4286
7/24/14,6,4292
7/25/14,5,4297
7/26/14,14,4311
7/27/14,3,4314
7/28/14,2,4316
7/29/14,9,4325
7/30/14,7,4332
7/31/14,6,4338
8/1/14,7,4345
8/2/14,14,4359
8/3/14,5,4364
8/4/14,2,4366
8/5/14,20,4386
8/6/14,7,4393
8/7/14,3,4396
8/8/14,7,4403
8/9/14,10,4413
8/10/14,5,4418
8/11/14,9,4427
8/12/14,8,4435
8/14/14,5,4440
8/15/14,3,4443
8/16/14,7,4450
8/17/14,2,4452
8/18/14,8,4460
8/19/14,12,4472
8/20/14,6,4478
8/21/14,13,4491
8/22/14,7,4498
8/23/14,9,4507
8/24/14,2,4509
8/25/14,13,4522
8/26/14,5,4527
8/27/14,16,4543
8/28/14,18,4561
8/29/14,13,4574
8/30/14,12,4586
8/31/14,4,4590
9/1/14,6,4596
9/2/14,1,4597
9/3/14,2,4599
9/4/14,7,4606
9/5/14,7,4613
9/6/14,2,4615
9/7/14,5,4620
9/8/14,4,4624
9/9/14,3,4627
9/10/14,13,4640
9/11/14,12,4652
9/12/14,6,4658
9/13/14,1,4659
9/14/14,3,4662
9/15/14,3,4665
9/16/14,5,4670
9/17/14,9,4679
9/18/14,3,4682
9/19/14,3,4685
9/20/14,7,4692
9/21/14,2,4694
9/22/14,6,4700
9/23/14,5,4705
9/24/14,8,4713
9/25/14,9,4722
9/26/14,5,4727
9/27/14,6,4733
9/28/14,3,4736
9/29/14,5,4741
9/30/14,2,4743
10/1/14,4,4747
10/2/14,7,4754
10/3/14,3,4757
10/4/14,6,4763
10/5/14,6,4769
10/6/14,4,4773
10/7/14,1,4774
10/8/14,5,4779
10/9/14,6,4785
10/10/14,5,4790
10/11/14,12,4802
10/12/14,3,4805
10/13/14,2,4807
10/14/14,3,4810
10/15/14,7,4817
10/16/14,5,4822
10/17/14,16,4838
10/18/14,4,4842
10/20/14,5,4847
10/21/14,8,4855
10/22/14,5,4860
10/23/14,10,4870
10/24/14,4,4874
10/25/14,15,4889
10/26/14,16,4905
10/27/14,22,4927
10/28/14,9,4936
10/29/14,4,4940
10/30/14,3,4943
11/1/14,1,4944
11/2/14,2,4946
11/3/14,3,4949
11/4/14,5,4954
11/5/14,1,4955
11/6/14,30,4985
11/7/14,6,4991
11/8/14,3,4994
11/9/14,3,4997
11/11/14,5,5002
11/12/14,11,5013
11/13/14,13,5026
11/14/14,6,5032
11/15/14,5,5037
11/16/14,2,5039
11/17/14,8,5047
11/18/14,4,5051
11/19/14,7,5058
11/20/14,8,5066
11/21/14,3,5069
11/22/14,3,5072
11/23/14,3,5075
11/24/14,8,5083
11/25/14,4,5087
11/26/14,9,5096
11/27/14,7,5103
11/28/14,11,5114
11/29/14,4,5118
11/30/14,2,5120
12/1/14,7,5127
12/2/14,4,5131
12/3/14,6,5137
12/4/14,7,5144
12/5/14,5,5149
12/6/14,6,5155
12/7/14,3,5158
12/8/14,8,5166
12/9/14,4,5170
12/10/14,13,5183
12/11/14,7,5190
12/12/14,8,5198
12/13/14,4,5202
12/14/14,5,5207
12/15/14,10,5217
12/16/14,25,5242
12/17/14,3,5245
12/18/14,4,5249
12/19/14,15,5264
12/20/14,4,5268
12/21/14,5,5273
12/22/14,4,5277
12/23/14,12,5289
12/24/14,5,5294
12/25/14,3,5297
12/26/14,2,5299
12/27/14,4,5303
12/28/14,4,5307
12/29/14,3,5310
1/1/15,1,5311
1/2/15,3,5314
1/3/15,2,5316
1/4/15,2,5318
1/5/15,1,5319
1/6/15,2,5321
1/7/15,20,5341
1/8/15,35,5376
1/9/15,20,5396
1/10/15,6,5402
1/11/15,1,5403
1/12/15,19,5422
1/13/15,2,5424
1/14/15,4,5428
1/15/15,3,5431
1/16/15,3,5434
1/17/15,3,5437
1/18/15,2,5439
1/19/15,5,5444
1/20/15,4,5448
1/21/15,2,5450
1/22/15,8,5458
1/23/15,6,5464
1/24/15,9,5473
1/25/15,1,5474
1/26/15,1,5475
1/27/15,19,5494
1/28/15,6,5500
1/29/15,4,5504
1/30/15,3,5507
1/31/15,7,5514
2/1/15,2,5516
2/2/15,7,5523
2/3/15,18,5541
2/4/15,1,5542
2/5/15,3,5545
2/6/15,3,5548
2/7/15,3,5551
2/8/15,2,5553
2/9/15,1,5554
2/10/15,3,5557
2/11/15,9,5566
2/12/15,6,5572
2/13/15,5,5577
2/14/15,3,5580
2/16/15,6,5586
2/17/15,7,5593
2/18/15,4,5597
2/19/15,8,5605
2/20/15,4,5609
2/21/15,4,5613
2/22/15,3,5616
2/23/15,4,5620
2/24/15,4,5624
2/25/15,5,5629
2/26/15,5,5634
2/27/15,1,5635
2/28/15,2,5637
3/1/15,7,5644
3/2/15,1,5645
3/3/15,2,5647
3/4/15,1,5648
3/5/15,2,5650
3/6/15,3,5653
3/7/15,14,5667
3/8/15,12,5679
3/9/15,4,5683
3/10/15,3,5686
3/11/15,2,5688
3/12/15,2,5690
3/13/15,2,5692
3/14/15,4,5696
3/15/15,5,5701
3/16/15,10,5711
3/17/15,14,5725
3/18/15,12,5737
3/19/15,18,5755
3/20/15,3,5758
3/21/15,10,5768
3/22/15,6,5774
3/23/15,1,5775
3/24/15,4,5779
3/25/15,2,5781
3/26/15,2,5783
3/27/15,4,5787
3/28/15,4,5791
3/30/15,6,5797
3/31/15,9,5806
4/1/15,2,5808
4/2/15,6,5814
4/3/15,2,5816
4/4/15,2,5818
4/5/15,5,5823
4/6/15,2,5825
4/7/15,3,5828
4/8/15,3,5831
4/9/15,4,5835
4/10/15,4,5839
4/11/15,4,5843
4/12/15,1,5844
4/13/15,10,5854
4/14/15,3,5857
4/15/15,2,5859
4/16/15,3,5862
4/17/15,2,5864
4/18/15,1,5865
4/19/15,1,5866
4/20/15,1,5867
4/21/15,4,5871
4/22/15,5,5876
4/23/15,5,5881
4/24/15,3,5884
4/25/15,7,5891
4/26/15,4,5895
4/27/15,5,5900
4/28/15,3,5903
4/29/15,8,5911
4/30/15,5,5916
5/1/15,3,5919
5/3/15,4,5923
5/4/15,3,5926
5/5/15,1,5927
5/6/15,8,5935
5/7/15,4,5939
5/8/15,8,5947
5/10/15,1,5948
5/11/15,2,5950
5/12/15,5,5955
5/13/15,3,5958
5/14/15,5,5963
5/15/15,3,5966
5/16/15,5,5971
5/18/15,3,5974
5/20/15,3,5977
5/21/15,8,5985
5/22/15,3,5988
5/23/15,3,5991
5/24/15,7,5998
5/25/15,1,5999
5/26/15,2,6001
5/27/15,2,6003
5/28/15,7,6010
5/29/15,3,6013
5/30/15,5,6018
6/1/15,2,6020
6/2/15,6,6026
6/3/15,7,6033
6/4/15,1,6034
6/5/15,2,6036
6/7/15,1,6037
6/8/15,36,6073
6/9/15,2,6075
6/10/15,11,6086
6/11/15,7,6093
6/12/15,3,6096
6/13/15,3,6099
6/14/15,5,6104
6/15/15,40,6144
6/16/15,15,6159
6/17/15,5,6164
6/18/15,3,6167
6/19/15,3,6170
6/20/15,2,6172
6/21/15,2,6174
6/22/15,2,6176
6/23/15,4,6180
6/24/15,13,6193
6/25/15,1,6194
6/26/15,10,6204
6/27/15,1,6205
6/28/15,4,6209
6/29/15,2,6211
6/30/15,9,6220
7/1/15,4,6224
7/2/15,5,6229
7/3/15,10,6239
7/4/15,1,6240
7/5/15,13,6253
7/6/15,5,6258
7/7/15,2,6260
7/8/15,6,6266
7/9/15,3,6269
7/10/15,6,6275
7/11/15,1,6276
7/12/15,31,6307
7/13/15,5,6312
7/14/15,3,6315
7/15/15,4,6319
7/16/15,6,6325
7/17/15,14,6339
7/18/15,5,6344
7/19/15,3,6347
7/20/15,18,6365
7/21/15,5,6370
7/22/15,3,6373
7/23/15,2,6375
7/24/15,2,6377
7/25/15,7,6384
7/26/15,4,6388
7/27/15,9,6397
7/28/15,1,6398
7/29/15,8,6406
7/30/15,3,6409
7/31/15,1,6410
8/1/15,5,6415
8/2/15,5,6420
8/3/15,5,6425
8/4/15,6,6431
8/5/15,10,6441
8/6/15,6,6447
8/7/15,11,6458
8/8/15,3,6461
8/9/15,3,6464
8/11/15,3,6467
8/12/15,4,6471
8/13/15,5,6476
8/14/15,2,6478
8/15/15,5,6483
8/16/15,3,6486
8/18/15,6,6492
8/19/15,10,6502
8/20/15,1,6503
8/21/15,2,6505
8/22/15,2,6507
8/23/15,7,6514
8/24/15,10,6524
8/25/15,4,6528
8/26/15,6,6534
8/27/15,6,6540
8/28/15,5,6545
8/29/15,1,6546
8/30/15,6,6552
8/31/15,8,6560
9/1/15,11,6571
9/2/15,11,6582
9/3/15,8,6590
9/4/15,1,6591
9/5/15,3,6594
9/6/15,2,6596
9/7/15,3,6599
9/8/15,7,6606
9/9/15,10,6616
9/10/15,9,6625
9/11/15,3,6628
9/12/15,2,6630
9/13/15,1,6631
9/14/15,5,6636
9/15/15,9,6645
9/16/15,15,6660
9/17/15,3,6663
9/18/15,7,6670
9/19/15,1,6671
9/20/15,1,6672
9/21/15,1,6673
9/22/15,5,6678
9/23/15,2,6680
9/24/15,8,6688
9/25/15,1,6689
9/26/15,1,6690
9/27/15,3,6693
9/28/15,1,6694
9/29/15,4,6698
9/30/15,5,6703
10/1/15,2,6705
10/2/15,3,6708
10/3/15,4,6712
10/5/15,1,6713
10/6/15,1,6714
10/7/15,2,6716
10/8/15,10,6726
10/9/15,12,6738
10/10/15,1,6739
10/13/15,5,6744
10/14/15,1,6745
10/15/15,7,6752
10/16/15,6,6758
10/17/15,3,6761
10/19/15,3,6764
10/20/15,2,6766
10/22/15,2,6768
10/23/15,1,6769
10/24/15,2,6771
10/27/15,6,6777
10/28/15,9,6786
10/29/15,1,6787
10/30/15,4,6791
10/31/15,1,6792
11/2/15,2,6794
11/3/15,5,6799
11/4/15,8,6807
11/5/15,10,6817
11/6/15,5,6822
11/7/15,8,6830
11/8/15,5,6835
11/9/15,2,6837
11/10/15,4,6841
11/11/15,5,6846
11/12/15,18,6864
11/13/15,4,6868
11/14/15,3,6871
11/16/15,7,6878
11/17/15,14,6892
11/19/15,8,6900
11/21/15,9,6909
11/22/15,2,6911
11/23/15,2,6913
11/24/15,4,6917
11/25/15,2,6919
11/26/15,2,6921
11/27/15,1,6922
11/28/15,2,6924
11/29/15,2,6926
11/30/15,1,6927
12/1/15,2,6929
12/2/15,1,6930
12/3/15,1,6931
12/4/15,2,6933
12/5/15,2,6935
12/6/15,1,6936
12/7/15,3,6939
12/8/15,3,6942
12/9/15,4,6946
12/10/15,1,6947
12/11/15,3,6950
12/12/15,2,6952
12/13/15,7,6959
12/14/15,4,6963
12/15/15,1,6964
12/16/15,3,6967
12/17/15,1,6968
12/18/15,3,6971
12/19/15,1,6972
12/23/15,1,6973
12/24/15,2,6975
12/26/15,1,6976
12/28/15,1,6977
12/31/15,1,6978
1/1/16,1,6979
1/2/16,3,6982
1/3/16,1,6983
1/4/16,2,6985
1/5/16,2,6987
1/6/16,2,6989
1/7/16,2,6991
1/8/16,1,6992
1/9/16,1,6993
1/10/16,1,6994
1/11/16,5,6999
1/13/16,2,7001
1/14/16,1,7002
1/15/16,1,7003
1/16/16,1,7004
1/17/16,2,7006
1/19/16,1,7007
1/20/16,5,7012
1/21/16,7,7019
1/22/16,2,7021
1/24/16,2,7023
1/26/16,4,7027
1/27/16,5,7032
1/28/16,2,7034
1/31/16,1,7035
2/1/16,6,7041
2/2/16,5,7046
2/3/16,3,7049
2/4/16,4,7053
2/5/16,1,7054
2/8/16,3,7057
2/9/16,2,7059
2/11/16,2,7061
2/12/16,2,7063
2/13/16,1,7064
2/14/16,2,7066
2/15/16,1,7067
2/16/16,3,7070
2/17/16,2,7072
2/18/16,3,7075
2/19/16,3,7078
2/20/16,1,7079
2/21/16,1,7080
2/23/16,2,7082
2/24/16,2,7084
2/25/16,4,7088
2/28/16,2,7090
2/29/16,3,7093
3/1/16,8,7101
3/2/16,4,7105
3/3/16,5,7110
3/4/16,2,7112
3/5/16,1,7113
3/8/16,1,7114
3/9/16,3,7117
3/10/16,2,7119
3/11/16,2,7121
3/12/16,1,7122
3/15/16,3,7125
3/16/16,2,7127
3/17/16,2,7129
3/18/16,1,7130
3/19/16,1,7131
3/20/16,3,7134
3/22/16,1,7135
3/23/16,4,7139
3/24/16,3,7142
3/25/16,1,7143
3/26/16,1,7144
3/29/16,1,7145
3/30/16,3,7148
3/31/16,2,7150
4/1/16,2,7152
4/2/16,2,7154
4/3/16,2,7156
4/4/16,2,7158
4/5/16,1,7159
4/6/16,1,7160
4/7/16,1,7161
4/8/16,1,7162
4/10/16,2,7164
4/11/16,3,7167
4/13/16,4,7171
4/14/16,9,7180
4/15/16,1,7181
4/18/16,6,7187
4/19/16,7,7194
4/20/16,3,7197
4/21/16,2,7199
4/22/16,3,7202
4/23/16,3,7205
4/24/16,3,7208
4/25/16,3,7211
4/26/16,3,7214
4/27/16,3,7217
4/28/16,1,7218
4/29/16,1,7219
4/30/16,2,7221
5/2/16,5,7226
5/3/16,1,7227
5/4/16,6,7233
5/5/16,1,7234
5/6/16,1,7235
5/7/16,2,7237
5/8/16,4,7241
5/9/16,2,7243
5/11/16,3,7246
5/12/16,4,7250
5/13/16,6,7256
5/14/16,4,7260
5/16/16,4,7264
5/17/16,2,7266
5/18/16,6,7272
5/19/16,3,7275
5/20/16,5,7280
5/21/16,1,7281
5/22/16,1,7282
5/23/16,2,7284
5/24/16,9,7293
5/25/16,59,7352
5/26/16,1,7353
5/27/16,4,7357
5/28/16,3,7360
5/29/16,3,7363
5/30/16,5,7368
5/31/16,2,7370
6/1/16,4,7374
6/3/16,1,7375
6/4/16,4,7379
6/5/16,6,7385
6/6/16,2,7387
6/7/16,2,7389
6/8/16,1,7390
6/9/16,3,7393
6/10/16,2,7395
6/11/16,1,7396
6/12/16,2,7398
6/13/16,7,7405
6/14/16,4,7409
6/15/16,4,7413
6/16/16,5,7418
6/18/16,1,7419
6/19/16,3,7422
6/20/16,1,7423
6/21/16,4,7427
6/22/16,3,7430
6/25/16,1,7431
6/26/16,2,7433
6/27/16,5,7438
6/28/16,14,7452
6/29/16,8,7460
7/2/16,3,7463
7/3/16,3,7466
7/4/16,2,7468
7/5/16,2,7470
7/7/16,4,7474
7/8/16,2,7476
7/10/16,3,7479
7/11/16,5,7484
7/12/16,4,7488
7/13/16,4,7492
7/14/16,5,7497
7/15/16,5,7502
7/16/16,4,7506
7/17/16,2,7508
7/18/16,2,7510
7/19/16,2,7512
7/20/16,3,7515
7/21/16,3,7518
7/22/16,5,7523
7/23/16,2,7525
7/24/16,1,7526
7/25/16,4,7530
7/27/16,1,7531
7/28/16,4,7535
7/29/16,1,7536
7/30/16,1,7537
7/31/16,4,7541
8/1/16,5,7546
8/2/16,3,7549
8/3/16,1,7550
8/4/16,5,7555
8/6/16,5,7560
8/7/16,2,7562
8/8/16,4,7566
8/9/16,4,7570
8/10/16,1,7571
8/11/16,5,7576
8/12/16,1,7577
8/13/16,23,7600
8/14/16,1,7601
8/15/16,3,7604
8/16/16,1,7605
8/18/16,2,7607
8/19/16,1,7608
8/20/16,1,7609
8/23/16,1,7610
8/24/16,3,7613
8/25/16,2,7615
8/26/16,4,7619
8/28/16,2,7621
8/29/16,1,7622
8/30/16,2,7624
9/1/16,1,7625
9/2/16,1,7626
9/4/16,1,7627
9/5/16,9,7636
9/6/16,9,7645
9/7/16,3,7648
9/8/16,5,7653
9/9/16,3,7656
9/10/16,4,7660
9/11/16,1,7661
9/12/16,13,7674
9/13/16,1,7675
9/14/16,3,7678
9/15/16,16,7694
9/16/16,3,7697
9/17/16,1,7698
9/18/16,1,7699
9/19/16,3,7702
9/20/16,15,7717
9/21/16,4,7721
9/22/16,1,7722
9/23/16,3,7725
9/24/16,1,7726
9/25/16,3,7729
9/26/16,2,7731
9/27/16,1,7732
9/28/16,1,7733
9/29/16,4,7737
9/30/16,2,7739
10/1/16,1,7740
10/2/16,2,7742
10/3/16,5,7747
10/4/16,11,7758
10/5/16,1,7759
10/6/16,3,7762
10/7/16,4,7766
10/8/16,4,7770
10/9/16,8,7778
10/10/16,3,7781
10/11/16,3,7784
10/13/16,1,7785
10/14/16,1,7786
10/15/16,3,7789
10/17/16,2,7791
10/18/16,1,7792
10/20/16,2,7794
10/21/16,1,7795
10/23/16,1,7796
10/24/16,4,7800
10/25/16,9,7809
10/26/16,4,7813
10/27/16,3,7816
10/28/16,1,7817
10/29/16,2,7819
10/30/16,3,7822
10/31/16,2,7824
11/1/16,2,7826
11/2/16,1,7827
11/3/16,1,7828
11/4/16,5,7833
11/5/16,4,7837
11/6/16,1,7838
11/7/16,1,7839
11/8/16,2,7841
11/9/16,3,7844
11/10/16,8,7852
11/11/16,4,7856
11/12/16,6,7862
11/13/16,3,7865
11/15/16,6,7871
11/16/16,3,7874
11/17/16,8,7882
11/18/16,2,7884
11/19/16,7,7891
11/20/16,3,7894
11/21/16,7,7901
11/22/16,1,7902
11/23/16,4,7906
11/24/16,3,7909
11/25/16,5,7914
11/26/16,3,7917
11/27/16,2,7919
11/28/16,4,7923
11/29/16,8,7931
11/30/16,6,7937
12/1/16,5,7942
12/2/16,4,7946
12/3/16,2,7948
12/4/16,5,7953
12/5/16,4,7957
12/6/16,4,7961
12/7/16,4,7965
12/8/16,1,7966
12/9/16,1,7967
12/10/16,2,7969
12/11/16,2,7971
12/12/16,4,7975
12/14/16,1,7976
12/15/16,2,7978
12/16/16,2,7980
12/17/16,9,7989
12/19/16,10,7999
12/20/16,1,8000
12/21/16,2,8002
12/22/16,3,8005
12/23/16,3,8008
12/24/16,3,8011
12/26/16,6,8017
12/27/16,3,8020
12/28/16,5,8025
12/29/16,7,8032
12/30/16,38,8070
1/2/17,3,8073
1/3/17,10,8083
1/4/17,1,8084
1/5/17,3,8087
1/6/17,8,8095
1/7/17,1,8096
1/8/17,5,8101
1/9/17,2,8103
1/10/17,5,8108
1/11/17,1,8109
1/12/17,4,8113
1/13/17,5,8118
1/14/17,2,8120
1/15/17,1,8121
1/16/17,4,8125
1/17/17,4,8129
1/18/17,2,8131
1/19/17,3,8134
1/20/17,3,8137
1/21/17,7,8144
1/22/17,2,8146
1/23/17,4,8150
1/24/17,1,8151
1/25/17,4,8155
1/26/17,2,8157
1/27/17,7,8164
1/28/17,1,8165
1/29/17,30,8195
1/30/17,13,8208
1/31/17,16,8224
2/1/17,51,8275
2/2/17,5,8280
2/3/17,3,8283
2/4/17,55,8338
2/5/17,6,8344
2/6/17,4,8348
2/7/17,5,8353
2/8/17,7,8360
2/9/17,6,8366
2/10/17,5,8371
2/11/17,2,8373
2/12/17,3,8376
2/13/17,4,8380
2/14/17,7,8387
2/15/17,6,8393
2/16/17,3,8396
2/17/17,3,8399
2/18/17,4,8403
2/19/17,2,8405
2/20/17,9,8414
2/21/17,5,8419
2/22/17,5,8424
2/23/17,6,8430
2/24/17,10,8440
2/25/17,5,8445
2/26/17,3,8448
2/27/17,1,8449
2/28/17,1,8450
3/1/17,2,8452
3/2/17,5,8457
3/3/17,11,8468
3/4/17,1,8469
3/5/17,3,8472
3/6/17,12,8484
3/7/17,1,8485
3/8/17,1,8486
3/9/17,3,8489
3/10/17,6,8495
3/11/17,5,8500
3/12/17,4,8504
3/13/17,4,8508
3/14/17,4,8512
3/15/17,2,8514
3/17/17,1,8515
3/18/17,4,8519
3/19/17,4,8523
3/21/17,4,8527
3/22/17,6,8533
3/23/17,1,8534
3/25/17,4,8538
3/26/17,1,8539
3/28/17,1,8540
3/30/17,1,8541
4/1/17,3,8544
4/2/17,1,8545
4/3/17,8,8553
4/4/17,6,8559
4/5/17,1,8560
4/7/17,2,8562
4/8/17,1,8563
4/9/17,1,8564
4/10/17,6,8570
4/11/17,9,8579
4/12/17,1,8580
4/13/17,2,8582
4/14/17,6,8588
4/15/17,6,8594
4/16/17,2,8596
4/17/17,2,8598
4/18/17,5,8603
4/19/17,1,8604
4/20/17,5,8609
4/21/17,5,8614
4/22/17,2,8616
4/23/17,4,8620
4/24/17,3,8623
4/25/17,3,8626
4/26/17,3,8629
4/27/17,5,8634
4/28/17,3,8637
4/29/17,1,8638
4/30/17,6,8644
5/1/17,3,8647
5/2/17,6,8653
5/3/17,6,8659
5/4/17,4,8663
5/5/17,6,8669
5/6/17,6,8675
5/7/17,4,8679
5/8/17,5,8684
5/9/17,6,8690
5/10/17,5,8695
5/11/17,7,8702
5/12/17,19,8721
5/13/17,7,8728
5/14/17,4,8732
5/15/17,9,8741
5/16/17,4,8745
5/17/17,3,8748
5/18/17,3,8751
5/19/17,10,8761
5/20/17,7,8768
5/21/17,4,8772
5/22/17,3,8775
5/23/17,11,8786
5/24/17,8,8794
5/25/17,8,8802
5/26/17,7,8809
5/27/17,2,8811
5/28/17,3,8814
5/29/17,5,8819
5/30/17,7,8826
5/31/17,4,8830
6/1/17,9,8839
6/2/17,11,8850
6/3/17,5,8855
6/4/17,5,8860
6/5/17,7,8867
6/6/17,12,8879
6/7/17,4,8883
6/8/17,4,8887
6/9/17,11,8898
6/10/17,2,8900
6/11/17,4,8904
6/12/17,10,8914
6/13/17,10,8924
6/14/17,8,8932
6/15/17,3,8935
6/16/17,3,8938
6/17/17,6,8944
6/18/17,1,8945
6/19/17,2,8947
6/20/17,8,8955
6/21/17,5,8960
6/22/17,9,8969
6/23/17,3,8972
6/24/17,5,8977
6/25/17,5,8982
6/26/17,5,8987
6/27/17,6,8993
6/28/17,6,8999
6/29/17,7,9006
6/30/17,12,9018
7/1/17,3,9021
7/2/17,2,9023
7/3/17,2,9025
7/4/17,7,9032
7/5/17,6,9038
7/6/17,4,9042
7/7/17,6,9048
7/8/17,2,9050
7/9/17,3,9053
7/10/17,5,9058
7/11/17,5,9063
7/12/17,5,9068
7/13/17,6,9074
7/14/17,6,9080
7/15/17,7,9087
7/16/17,2,9089
7/18/17,1,9090
7/19/17,2,9092
7/20/17,7,9099
7/21/17,6,9105
7/23/17,8,9113
7/24/17,8,9121
7/25/17,3,9124
7/26/17,5,9129
7/27/17,7,9136
7/28/17,6,9142
7/29/17,8,9150
7/30/17,2,9152
7/31/17,13,9165
8/1/17,8,9173
8/2/17,9,9182
8/3/17,9,9191
8/4/17,13,9204
8/5/17,2,9206
8/6/17,5,9211
8/7/17,33,9244
8/8/17,4,9248
8/9/17,15,9263
8/10/17,3,9266
8/11/17,8,9274
8/12/17,12,9286
8/13/17,1,9287
8/14/17,12,9299
8/15/17,7,9306
8/16/17,14,9320
8/17/17,9,9329
8/18/17,6,9335
8/19/17,4,9339
8/20/17,6,9345
8/21/17,10,9355
8/22/17,7,9362
8/23/17,12,9374
8/24/17,21,9395
8/25/17,9,9404
8/26/17,7,9411
8/27/17,7,9418
8/28/17,14,9432
8/29/17,9,9441
8/30/17,5,9446
8/31/17,16,9462
9/1/17,10,9472
9/2/17,6,9478
9/3/17,11,9489
9/4/17,12,9501
9/5/17,10,9511
9/6/17,3,9514
9/7/17,13,9527
9/8/17,8,9535
9/9/17,6,9541
9/10/17,9,9550
9/11/17,7,9557
9/12/17,9,9566
9/13/17,12,9578
9/14/17,31,9609
9/15/17,11,9620
9/16/17,9,9629
9/17/17,5,9634
9/18/17,9,9643
9/19/17,14,9657
9/20/17,11,9668
9/21/17,42,9710
9/22/17,6,9716
9/23/17,8,9724
9/24/17,11,9735
9/25/17,7,9742
9/26/17,9,9751
9/27/17,21,9772
9/28/17,7,9779
9/29/17,9,9788
9/30/17,9,9797
10/1/17,9,9806
10/2/17,42,9848
10/3/17,10,9858
10/4/17,8,9866
10/5/17,25,9891
10/6/17,9,9900
10/7/17,8,9908
10/8/17,4,9912
10/9/17,3,9915
10/10/17,6,9921
10/11/17,32,9953
10/12/17,6,9959
10/13/17,12,9971
10/14/17,7,9978
10/15/17,10,9988
10/16/17,8,9996
10/17/17,18,10014
10/18/17,8,10022
10/19/17,14,10036
10/20/17,15,10051
10/21/17,13,10064
10/22/17,6,10070
10/23/17,14,10084
10/24/17,13,10097
10/25/17,38,10135
10/26/17,14,10149
10/27/17,15,10164
10/28/17,5,10169
10/29/17,6,10175
10/30/17,14,10189
10/31/17,12,10201
11/1/17,11,10212
11/2/17,21,10233
11/3/17,10,10243
11/4/17,2,10245
11/5/17,10,10255
11/6/17,38,10293
11/7/17,25,10318
11/8/17,23,10341
11/9/17,13,10354
11/10/17,10,10364
11/11/17,10,10374
11/12/17,8,10382
11/13/17,5,10387
11/14/17,19,10406
11/15/17,10,10416
11/16/17,10,10426
11/17/17,13,10439
11/18/17,10,10449
11/19/17,6,10455
11/20/17,18,10473
11/21/17,24,10497
11/22/17,7,10504
11/23/17,16,10520
11/24/17,7,10527
11/25/17,8,10535
11/26/17,19,10554
11/27/17,21,10575
11/28/17,24,10599
11/29/17,33,10632
11/30/17,59,10691
12/1/17,20,10711
12/2/17,14,10725
12/3/17,16,10741
12/4/17,17,10758
12/5/17,10,10768
12/6/17,17,10785
12/7/17,17,10802
12/8/17,88,10890
12/9/17,15,10905
12/10/17,17,10922
12/11/17,23,10945
12/12/17,29,10974
12/13/17,28,11002
12/14/17,37,11039
12/15/17,20,11059
12/16/17,22,11081
12/17/17,7,11088
12/18/17,13,11101
12/19/17,21,11122
12/20/17,15,11137
12/21/17,13,11150
12/22/17,15,11165
12/23/17,8,11173
12/24/17,7,11180
12/25/17,4,11184
12/26/17,11,11195
12/27/17,19,11214
12/28/17,18,11232
12/29/17,16,11248
12/30/17,3,11251
12/31/17,6,11257
1/1/18,2,11259
1/2/18,10,11269
1/3/18,13,11282
1/4/18,13,11295
1/5/18,15,11310
1/6/18,9,11319
1/7/18,15,11334
1/8/18,10,11344
1/9/18,11,11355
1/10/18,14,11369
1/11/18,18,11387
1/12/18,24,11411
1/13/18,12,11423
1/14/18,11,11434
1/15/18,14,11448
1/16/18,14,11462
1/17/18,11,11473
1/18/18,9,11482
1/19/18,23,11505
1/20/18,17,11522
1/21/18,8,11530
1/22/18,15,11545
1/23/18,11,11556
1/24/18,11,11567
1/25/18,12,11579
1/26/18,10,11589
1/27/18,7,11596
1/28/18,8,11604
1/29/18,19,11623
1/30/18,11,11634
1/31/18,11,11645
2/1/18,10,11655
2/2/18,8,11663
2/3/18,6,11669
2/4/18,1,11670
2/5/18,17,11687
2/6/18,9,11696
2/7/18,13,11709
2/8/18,5,11714
2/9/18,18,11732
2/10/18,2,11734
2/11/18,2,11736
2/12/18,4,11740
2/13/18,12,11752
2/14/18,6,11758
2/15/18,8,11766
2/16/18,10,11776
2/17/18,2,11778
2/18/18,9,11787
2/19/18,9,11796
2/20/18,9,11805
2/21/18,10,11815
2/22/18,5,11820
2/23/18,9,11829
2/24/18,5,11834
2/25/18,5,11839
2/26/18,10,11849
2/27/18,10,11859
2/28/18,12,11871
3/1/18,5,11876
3/2/18,7,11883
3/3/18,4,11887
3/4/18,3,11890
3/5/18,19,11909
3/6/18,12,11921
3/7/18,22,11943
3/8/18,5,11948
3/9/18,4,11952
3/10/18,3,11955
3/11/18,4,11959
3/12/18,9,11968
3/13/18,9,11977
3/14/18,6,11983
3/15/18,12,11995
3/16/18,5,12000
3/17/18,7,12007
3/18/18,1,12008
3/19/18,5,12013
3/20/18,4,12017
3/21/18,10,12027
3/22/18,10,12037
3/23/18,5,12042
3/24/18,7,12049
3/25/18,3,12052
3/26/18,4,12056
3/27/18,2,12058
3/28/18,36,12094
3/29/18,5,12099
3/30/18,4,12103
3/31/18,3,12106
4/1/18,3,12109
4/2/18,3,12112
4/3/18,5,12117
4/4/18,4,12121
4/5/18,17,12138